00000000000000000000000000000000
00000000000000000000000000000001
00000000000000000000000000000001
00000000000000000000000000000011
00000000000000000000000000000101
00000000000000000000000000000101
00000000000000000000000000001010
00000000000000000000000000000111
00000000000000000000000000001101
00000000000000000000000000001001
00000000000000000000000000010110
00000000000000000000000000001011
00000000000000000000000000010101
00000000000000000000000000001101
00000000000000000000000000100010
00000000000000000000000000001111
00000000000000000000000000011101
00000000000000000000000000010001
00000000000000000000000000101110
00000000000000000000000000010011
00000000000000000000000000100101
00000000000000000000000000010101
00000000000000000000000000111010
00000000000000000000000000010111
00000000000000000000000000101101
00000000000000000000000000011001
00000000000000000000000001000110
00000000000000000000000000011011
00000000000000000000000000110101
00000000000000000000000000011101
00000000000000000000000001010010
00000000000000000000000000011111
